5054
5055
5056
5059
5091
5092
5093
5112
5113
5114
5125
5126
5127
5128
5129
5130
5131
5132
5133
5134
5135
5136
5723
5724
5725
5726
5727
5728
5729
5738
5768
5778
5780
5810
5811
5818
5819
5820
5829
5830
5831
5835
5836
5837
5841
5842
5843
5847
5848
5849
5853
5854
5855
5859
5860
5861
5865
5866
5867
5883
5884
5885
5886
5887
5889
5890
5891
5892
5893
5894
5895
6053
6054
6055
6056
6059
6168
6169
6515
6516
6517
6518
6519
6588
6589
6590
6591
6592
6593
6594
6595
6596
6597
6598
6599
6603
6604
6605
6606
6607
6608
6609
6610
6611
6612
6613
6614
6615
6616
6617
6937
6944
6945
6980
6981
6982
8597
8598
8599
9037
9044
9045
9046
9049
9050
9051
9052
9053
9054
9143
9145
9146
9147
9148
9149
9150
9151
9152
9153
9154
9155
9169
9170
9192
9193
9198
9199
9225
9274
9281
9289
9317
9318
9319
9320
9321
9322
9327
9331
9332
9333
9334
9335
9339
9341
9349
9350
9351
9352
9353
9354
9357
9358
9359
9361
9363
9367
9370
9371
9372
9373
9375
9377
9378
9405
9412
9418
9419
9420
9421
9440
9443
9444
9451
9453
9456
9458
9459
9460
9461
9462
9465
9466
9467
9469
9470
9471
9472
9480
9484
9485
9497
9498
9499
9550
9551
9552
9553
9554
9555
9556
9557
9558
9572
9573
9574
9575
9581
9583
9584
9587
9591
9592
9593
9618
9620
9629
9630
9632
9633
9646
9671
9693
9694
9695
9696
9697
9698
9845
9848
9919
9920
9922
9923
9938
9942
9943
9944
9945
9956
9957
9958
9959
9960
9961
9963
9964
9965
9967
9968
9969
9970
9972
9973
9976
9977
9978
9979
9980
10008
10009
10016
10033
10034
10035
10036
10037
10080
10082
10084
10086
10088
10090
10092
10100
10102
10103
10104
10105
10106
10112
10113
10114
10115
10116
10117
10118
10120
10122
10124
10126
10133
10134
10135
10136
10137
10138
10157
10158
10159
10160
10161
10162
10163
10169
10170
10171
10172
10173
10180
10181
10182
10183
10184
10185
10186
10200
10252
10253
10255
10256
10257
10275
10276
10277
10278
10279
10280
10281
10282
10283
10284
10286
10289
10295
10296
10297
10298
10299
10301
10302
10306
10307
10309
10310
10311
10312
11025
11026
11027
11028
11029
11030
11035
11036
11037
11038
11039
11040
11041
11042
11044
17099
17109
17111
17118
17119
17120
17121
17122
17123
17393
17394
17395
17396
17397
17398
17447
17448
17449
17450
17451
17452
17453
17454
17455
17456
17457
17458
17459
17460
17461
17462
17463
17464
17465
17466
17467
17468
17469
17470
17471
17472
17473
17474
17475
17476
17477
17478
17479
17480
17481
17482
17483
17484
17485
17486
17487
17488
17489
17490
17491
17492
17493
17494
17496
17497
17499
17500
18036
18037
18038
18039
18064
18065
18066
18067
18068
18069
18070
18071
18072
18073
18074
18075
18076
18077
18078
18079
18080
18081
18082
18083
18084
18085
18086
18087
18088
18089
18090
18091
18092
18093
18094
18095
18096
18097
18098
18099
18100
18101
18102
18103
18104
18105
18106
18107
18108
18109
18110
18111
18112
18113
18114
18115
18116
18117
18118
18119
18120
18121
18122
18123
18124
18125
18126
18127
18128
18129
18130
18131
18132
18133
18134
18135
18136
18137
18138
18139
18140
18141
18142
18143
18144
18145
18146
18147
18148
18149
18150
18151
18152
18153
18154
18155
18156
18157
18158
18159
18160
18161
18162
18163
18164
18165
18166
18167
18168
18169
18170
18171
18172
18173
18174
18175
18176
18177
18178
18179
18180
18181
18182
18183
18188
18189
18190
18191
18196
18197
18198
18199
18204
18205
18206
18207
18212
18213
18214
18215
18216
18217
18218
18223
18224
18225
18226
18231
18232
18233
18234
18239
18240
18241
18242
18247
18248
18249
18250
18255
18256
18257
18258
18263
18264
18265
18266
18271
18272
18273
18274
18279
18280
18281
18282
18287
18288
18289
18290
18295
18296
18297
18298
18299
18300
18301
18302
18304
18305
18306
18307
18308
18309
18354
18355
18356
18357
18358
18359
18360
18361
18362
18363
18365
18367
18368
18369
18370
18371
18372
18373
18374
18375
18376
18377
18378
18379
18380
18381
18382
18383
18384
18385
18386
18387
18388
18389
18390
18391
18392
18393
18394
18395
18396
18397
18398
18399
18400
18401
18402
18403
18405
18409
18410
18411
18412
18414
18417
18418
18420
18421
18424
18426
18428
18429
18430
18533
18534
18535
18536
18537
19990
25500
25501
25502
25503
25504
25505
25506
25507
25508
25509
25510
25511
25512
25513
25514
25515
25516
25517
25518
25519
25520
25521
25522
25523
25524
25525
25526
25527
25528
25529
25530
25531
25532
25533
25534
25535
25536
25537
25538
25539
25540
25541
25542
25543
25544
25545
25546
25547
25548
25549
25550
25551
25552
25553
25554
25555
25556
25557
25558
25559
25560
25561
25562
25563
25564
25565
25566
25567
25568
25569
25570
25571
25572
25573
25574
25575
25576
25577
25578
25579
25580
25581
25582
25583
25584
25585
25586
25587
25588
25589
25590
25591
25592
25593
25594
25595
25596
25597
25598
25599
25600
25601
25602
25603
30051
30052
30053
30054
30055
30056
30057
30058
30059
30060
30063
30064
30067
30068
30069
30070
30071
30072
35043
35044
35045
35046
35047
35048
38001
40022
40023
40024
40025
40026
40027
40028
40029
40030
40031
40032
40033
40034
40035
40036
40037
40038
40039
40058
40059
40060
40061
40062
40063
40064
40065
40066
40067
40068
40069
40070
40071
40072
40073
40074
40075
40081
40085
40087
40089
40091
40093
40097
40098
40103
41091
41092
41093
41094
41095
41096
41097
41098
41099
41100
41101
41102
41103
41104
41105
41106
41107
41108
41109
41110
41112
41113
41114
41115
41182
41183
41184
45020
45021
45022
45023
45024
45029
45050
45051
47050
47051
47052
47067
47072
47073
47074
47100
47101
47102
47103
47104
47105
48003
48004
48005
49005
49006
49007
49009
49010
49012
57051
70001
70002
70003
70018
70019
70020
70021
70022
70023
70025
70026
70027
70029
70030
70031
70032
70033
70034
70035
70036
70037
70038
70039
70040
70041
70044
70050
70051
70052
70053
70054
70055
70057
70058
70059
70060
70061
70062
70063
70064
70065
70066
70067
70068
70069
70070
70071
70072
70073
70074
70075
70076
70077
70078
70079
70080
70081
70082
70083
70084
70085
70086
70087
70088
70089
70090
70091
70092
70093
70094
70095
70096
70097
70098
70099
70102
70106
70107
70108
70114
70115
70116
70117
70118
70119
70120
70121
70123
70125
71122
71123
71556
71557
71559
71566
72998
72999
75041
75202
75205
75209
75210
75211
75212
75213
75214
75215
75216
75217
75218
75219
75220
75236
75237
75238
75239
75240
75241
75242
75243
75244
75245
75246
75247
75248
75249
75250
75251
75256
75257
75258
75260
75261
75262
75263
75302
75303
75304
75311
75312
75313
75314
75352
75353
75354
75355
75362
75363
75364
75365
75366
75367
75381
75382
75383
75391
75392
75393
75394
75395
75396
75408
75414
75415
75416
75417
75424
75425
75426
75427
75428
75429
75442
75470
75471
75472
75473
75474
75475
75476
75480
75481
75482
75483
75484
75495
75496
75497
75512
75513
75514
75558
75559
75560
75561
75562
75563
75564
75565
75566
75567
75568
75569
75570
75571
75572
75573
75574
75575
75576
75577
75578
75579
75580
75581
75582
75583
75584
75585
75586
75587
75590
75591
75592
75593
75594
75595
75596
75609
75610
75611
75612
75613
75614
75621
75628
75629
75630
75631
75632
75638
75639
75640
75641
75642
75646
75647
75648
75649
75661
75662
75663
75664
75665
75671
75672
75673
75674
75675
75678
75679
75680
75689
75690
75691
75692
75693
75699
75700
75701
75702
75703
76022
76023
76024
76025
76026
76027
76028
76049
76061
76062
76063
76064
76065
76066
76067
76068
76069
76070
76071
76075
76076
76077
76078
76097
76098
76099
76100
76101
76102
76103
76104
76105
76106
76107
76108
76109
76110
76111
76117
76118
76119
76120
76121
76125
76126
76127
76128
76129
76130
76198
76201
79000
79001
79002
79003
79004
79005
79006
79007
79008
79009
79021
79023
79024
79025
79026
79027
79028
79029
79030
79031
79032
79033
79034
79037
79038
79041
79043
79044
79045
79050
79051
79052
79053
79054
79056
79057
79058
79061
79063
79064
79065
79066
79067
79068
79070
79071
79075
79076
79077
79079
79080
79081
79082
79083
79090
79091
79092
79093
79095
79096
79098
79099
79100
79101
79102
79103
79104
79105
79106
79112
79113
79116
79117
79118
79119
79122
79123
79125
79127
79131
79132
79133
79134
79135
79136
79137
79138
79139
79140
79141
79142
79143
79153
79154
79160
79161
79163
79165
79168
79171
79172
79173
79322
82000
82001
91123
91312
91313
97525
98091
98092
98093
98094
98095
98096
98097
98098
98697
127041
127042
127043
127044
127045
127046
127047
127048
127049
127050
127051
127052
127053
127054
127055
127056
127057
127058
127059
127060
127061
127062
127063
127064
127065
127066
127067
127068
127069
127070
127071
127072
127073
127074
127075
127076
127077
127078
127079
127080
127081
127082
127083
127084
127085
127086
127087
127088
127089
127090
127091
127092
127093
127094
127095
127096
127097
127098
127099
127100
127101
127102
127103
127104
127105
127106
127107
127108
127109
127110
127111
127112
127113
127114
127115
127116
127117
127118
127119
127120
127121
127122
127123
127124
127125
127126
127127
127128
127129
127130
127131
127132
127133
127134
127135
127136
127137
128370
128442
128443
128448
128494
128499
128500
128501
128504
128505
128506
128513
128519
128527
128528
128534
128541
128542
128543
128544
128545
128548
128549
128550
128551
128552
128553
128554
128555
128556
128559
128560
128567
128568
128569
128570
128571
128572
128573
128578
128581
128582
128583
128590
128592
129023
129034
129039
129040
129041
129042
129043
129044
129046
129052
129053
129054
129055
129056
129057
129059
129060
129061
129062
129066
129070
129078
129079
129080
129082
129084
129085
129086
129087
129097
129103
129106
129107
129116
129117
129118
129119
129131
129133
129134
129136
129137
129138
129139
129140
129141
129142
129143
129151
129152
129153
129162
129163
129164
129165
129169
129172
129174
129178
129179
129191
129192
129193
129194
129195
129197
129210
129213
129214
129217
129222
129223
129224
129231
129232
129234
129236
129237
129258
129259
129260
129261
129262
129263
129264
129273
129274
129275
129276
129280
129283
129294
129296
129297
129298
129299
129300
129301
129314
129315
129319
129320
129326
129328
129329
129330
129339
129340
129346
129347
129348
129349
129350
129351
129352
129354
129376
129377
129378
129379
129386
129387
129388
129389
129390
129391
129392
129393
129395
129396
129397
129404
129405
129406
129407
129413
129414
129415
129416
129417
129418
129419
129420
129421
129422
129423
129424
129425
129426
129428
129429
129430
129431
129432
129433
129434
129437
129438
129439
129446
129447
129448
129449
129450
129451
129452
129453
129457
129493
129496
129497
129498
129499
129500
129501
129502
129508
129509
129512
129515
129517
129519
129520
129521
129523
129526
129533
129534
129535
129536
129537
129538
129550
129556
129557
129590
129592
129593
129595
129599
129600
129601
129626
129627
129628
129629
129630
129631
129632
129633
129634
129635
129636
129637
129638
129639
129667
129692
129693
129694
129695
129696
129697
129698
129699
129700
129701
129702
129703
129704
129705
129706
129707
129708
129709
129710
129711
129712
129718
129719
129751
129752
129754
129766
129773
129775
129841
129842
129843
129844
129846
129847
129848
129849
129850
129899
129900
129901
129902
129903
129904
129905
129906
129908
129909
129910
129911
129912
129913
129914
129915
129916
129917
129918
129919
129920
129921
131153
131154
131155
131156
131157
131158
